101 1 1
-1
-3
-0.98
-2.90119
-0.96
-2.80474
-0.94
-2.71058
-0.92
-2.61869
-0.9
-2.529
-0.88
-2.44147
-0.86
-2.35606
-0.84
-2.2727
-0.82
-2.19137
-0.8
-2.112
-0.78
-2.03455
-0.76
-1.95898
-0.74
-1.88522
-0.72
-1.81325
-0.7
-1.743
-0.68
-1.67443
-0.66
-1.6075
-0.64
-1.54214
-0.62
-1.47833
-0.6
-1.416
-0.58
-1.35511
-0.56
-1.29562
-0.54
-1.23746
-0.52
-1.18061
-0.5
-1.125
-0.48
-1.07059
-0.46
-1.01734
-0.44
-0.965184
-0.42
-0.914088
-0.4
-0.864
-0.38
-0.814872
-0.36
-0.766656
-0.34
-0.719304
-0.32
-0.672768
-0.3
-0.627
-0.28
-0.581952
-0.26
-0.537576
-0.24
-0.493824
-0.22
-0.450648
-0.2
-0.408
-0.18
-0.365832
-0.16
-0.324096
-0.14
-0.282744
-0.12
-0.241728
-0.1
-0.201
-0.08
-0.160512
-0.06
-0.120216
-0.04
-0.080064
-0.02
-0.0400081
0
0
0.02
0.040008
0.04
0.0800639
0.0599999
0.120216
0.0799999
0.160512
0.1
0.201
0.12
0.241728
0.14
0.282744
0.16
0.324096
0.18
0.365832
0.2
0.408
0.22
0.450648
0.24
0.493824
0.26
0.537576
0.28
0.581952
0.3
0.627
0.32
0.672768
0.34
0.719304
0.36
0.766656
0.38
0.814872
0.4
0.864
0.42
0.914088
0.44
0.965184
0.46
1.01734
0.48
1.07059
0.5
1.125
0.52
1.18061
0.54
1.23746
0.56
1.29562
0.58
1.35511
0.6
1.416
0.62
1.47833
0.64
1.54214
0.66
1.6075
0.68
1.67443
0.7
1.743
0.72
1.81325
0.74
1.88522
0.76
1.95898
0.78
2.03455
0.8
2.112
0.82
2.19137
0.84
2.2727
0.86
2.35606
0.88
2.44147
0.9
2.529
0.92
2.61869
0.94
2.71058
0.96
2.80474
0.98
2.90119
1
3
