101 1 1
-1
-0.841471
-0.98
-0.830497
-0.96
-0.819192
-0.94
-0.807558
-0.92
-0.795602
-0.9
-0.783327
-0.88
-0.770739
-0.86
-0.757843
-0.84
-0.744643
-0.82
-0.731146
-0.8
-0.717356
-0.78
-0.703279
-0.76
-0.688921
-0.74
-0.674288
-0.72
-0.659385
-0.7
-0.644218
-0.68
-0.628793
-0.66
-0.613117
-0.64
-0.597195
-0.62
-0.581035
-0.6
-0.564642
-0.58
-0.548024
-0.56
-0.531186
-0.54
-0.514136
-0.52
-0.49688
-0.5
-0.479426
-0.48
-0.461779
-0.46
-0.443948
-0.44
-0.425939
-0.42
-0.40776
-0.4
-0.389418
-0.38
-0.37092
-0.36
-0.352274
-0.34
-0.333487
-0.32
-0.314567
-0.3
-0.29552
-0.28
-0.276356
-0.26
-0.257081
-0.24
-0.237703
-0.22
-0.21823
-0.2
-0.198669
-0.18
-0.17903
-0.16
-0.159318
-0.14
-0.139543
-0.12
-0.119712
-0.1
-0.0998334
-0.08
-0.0799147
-0.06
-0.059964
-0.04
-0.0399894
-0.02
-0.0199987
0
0
0.02
0.0199986
0.04
0.0399893
0.0599999
0.0599639
0.0799999
0.0799146
0.1
0.0998334
0.12
0.119712
0.14
0.139543
0.16
0.159318
0.18
0.17903
0.2
0.198669
0.22
0.21823
0.24
0.237703
0.26
0.257081
0.28
0.276356
0.3
0.29552
0.32
0.314566
0.34
0.333487
0.36
0.352274
0.38
0.37092
0.4
0.389418
0.42
0.40776
0.44
0.425939
0.46
0.443948
0.48
0.461779
0.5
0.479426
0.52
0.49688
0.54
0.514136
0.56
0.531186
0.58
0.548024
0.6
0.564642
0.62
0.581035
0.64
0.597195
0.66
0.613117
0.68
0.628793
0.7
0.644218
0.72
0.659385
0.74
0.674288
0.76
0.688921
0.78
0.703279
0.8
0.717356
0.82
0.731146
0.84
0.744643
0.86
0.757843
0.88
0.770739
0.9
0.783327
0.92
0.795602
0.94
0.807558
0.96
0.819192
0.98
0.830497
1
0.841471
